6 0.40651041666666665 0.7601851851851852 0.013020833333333334 0.022222222222222223
4 0.3515625 0.03333333333333333 0.022916666666666665 0.06666666666666667
6 0.6375 0.2912037037037037 0.08645833333333333 0.06018518518518518
0 0.5044270833333333 0.2708333333333333 0.07864583333333333 0.04722222222222222
0 0.20182291666666666 0.24259259259259258 0.028645833333333332 0.03148148148148148
6 0.6674479166666667 0.29398148148148145 0.0026041666666666665 0.004629629629629629
6 0.9473958333333333 0.005092592592592593 0.00625 0.010185185185185186
0 0.26510416666666664 0.6268518518518519 0.17708333333333334 0.34814814814814815
6 0.659375 0.2722222222222222 0.078125 0.053703703703703705
6 0.43515625 0.6962962962962963 0.2171875 0.4666666666666667
6 0.6317708333333333 0.25972222222222224 0.0020833333333333333 0.002777777777777778
0 0.31484375 0.23425925925925925 0.015104166666666667 0.025925925925925925
