2 0.42942708333333335 0.38935185185185184 0.10572916666666667 0.1361111111111111
2 0.18411458333333333 0.08703703703703704 0.0026041666666666665 0.003703703703703704
6 0.78203125 0.006944444444444444 0.0484375 0.013888888888888888
5 0.04921875 0.09259259259259259 0.018229166666666668 0.027777777777777776
4 0.19661458333333334 0.008333333333333333 0.018229166666666668 0.016666666666666666
3 0.05911458333333333 0.12083333333333333 0.013020833333333334 0.019444444444444445
1 0.16067708333333333 0.12407407407407407 0.03802083333333333 0.09814814814814815
0 0.20911458333333333 0.11157407407407408 0.022395833333333334 0.0712962962962963
1 0.5252604166666667 0.45046296296296295 0.2682291666666667 0.29907407407407405
6 0.625 0.2462962962962963 0.13333333333333333 0.09444444444444444
0 0.25234375 0.09583333333333334 0.0203125 0.075
1 0.1828125 0.11527777777777778 0.036458333333333336 0.09722222222222222
0 0.22057291666666667 0.10740740740740741 0.021354166666666667 0.07222222222222222
1 0.19817708333333334 0.1087962962962963 0.033854166666666664 0.09351851851851851
0 0.04583333333333333 0.2013888888888889 0.03125 0.019444444444444445
0 0.28151041666666665 0.04953703703703704 0.015104166666666667 0.010185185185185186
1 0.17161458333333332 0.1175925925925926 0.030729166666666665 0.09259259259259259
0 0.33255208333333336 0.2652777777777778 0.0578125 0.08796296296296297
1 0.30807291666666664 0.0375 0.0109375 0.012037037037037037
0 0.6002604166666666 0.055092592592592596 0.015104166666666667 0.03425925925925926
1 0.45078125 0.1527777777777778 0.09114583333333333 0.08703703703703704
0 0.41692708333333334 0.05925925925925926 0.018229166666666668 0.018518518518518517
1 0.5263020833333333 0.03194444444444444 0.018229166666666668 0.023148148148148147
