1 0.5796875 0.07407407407407407 0.07604166666666666 0.05
6 0.39010416666666664 0.21157407407407408 0.021875 0.062037037037037036
2 0.39140625 0.050462962962962966 0.008854166666666666 0.03796296296296296
0 0.7984375 0.029166666666666667 0.026041666666666668 0.058333333333333334
1 0.4471354166666667 0.005555555555555556 0.013020833333333334 0.011111111111111112
0 0.640625 0.26342592592592595 0.03229166666666667 0.09537037037037037
2 0.190625 0.04212962962962963 0.020833333333333332 0.032407407407407406
0 0.88671875 0.15694444444444444 0.0005208333333333333 0.000925925925925926
1 0.33177083333333335 0.674537037037037 0.37083333333333335 0.28425925925925927
1 0.33125 0.1685185185185185 0.06041666666666667 0.08703703703703704
0 0.8348958333333333 0.03194444444444444 0.029166666666666667 0.06388888888888888
