2 0.5434895833333333 0.29444444444444445 0.28072916666666664 0.362962962962963
2 0.7567708333333333 0.22314814814814815 0.034375 0.011111111111111112
0 0.2598958333333333 0.32222222222222224 0.029166666666666667 0.014814814814814815
1 0.2796875 0.25972222222222224 0.03229166666666667 0.004629629629629629
6 0.40260416666666665 0.3287037037037037 0.005208333333333333 0.024074074074074074
4 0.10885416666666667 0.19166666666666668 0.022916666666666665 0.05555555555555555
3 0.21119791666666668 0.19027777777777777 0.0078125 0.01574074074074074
2 0.8536458333333333 0.2935185185185185 0.29270833333333335 0.3388888888888889
6 0.32473958333333336 0.26435185185185184 0.0078125 0.006481481481481481
5 0.21953125 0.1865740740740741 0.009895833333333333 0.025
1 0.86875 0.1050925925925926 0.029166666666666667 0.2101851851851852
0 0.8572916666666667 0.10555555555555556 0.026041666666666668 0.2111111111111111
1 0.7174479166666666 0.1388888888888889 0.0671875 0.2777777777777778
0 0.5484375 0.08657407407407407 0.04583333333333333 0.17314814814814813
1 0.6875 0.15694444444444444 0.0125 0.24351851851851852
0 0.815625 0.1087962962962963 0.08020833333333334 0.2175925925925926
1 0.7635416666666667 0.11435185185185186 0.05 0.22870370370370371
