1 0.21041666666666667 0.24768518518518517 0.004166666666666667 0.013888888888888888
0 0.18671875 0.22824074074074074 0.0046875 0.004629629629629629
6 0.21223958333333334 0.20092592592592592 0.0109375 0.001851851851851852
5 0.23333333333333334 0.12453703703703704 0.008333333333333333 0.019444444444444445
3 0.16458333333333333 0.1300925925925926 0.00625 0.012037037037037037
2 0.07526041666666666 0.25416666666666665 0.019270833333333334 0.019444444444444445
1 0.12291666666666666 0.30694444444444446 0.017708333333333333 0.032407407407407406
5 0.234375 0.12314814814814815 0.0020833333333333333 0.001851851851851852
6 0.19453125 0.19722222222222222 0.015104166666666667 0.009259259259259259
0 0.2671875 0.262037037037037 0.03125 0.012962962962962963
1 0.16614583333333333 0.30462962962962964 0.04375 0.027777777777777776
4 0.45364583333333336 0.31157407407407406 0.16458333333333333 0.6231481481481481
0 0.10390625 0.2 0.0067708333333333336 0.009259259259259259
4 0.016145833333333335 0.17222222222222222 0.021875 0.040740740740740744
