2 0.21536458333333333 0.25324074074074077 0.0109375 0.017592592592592594
0 0.9903645833333333 0.22314814814814815 0.019270833333333334 0.02962962962962963
6 0.40130208333333334 0.6578703703703703 0.0026041666666666665 0.004629629629629629
6 0.03515625 0.30694444444444446 0.04114583333333333 0.025
5 0.21744791666666666 0.13148148148148148 0.0140625 0.02962962962962963
4 0.9 0.04537037037037037 0.03125 0.09074074074074075
3 0.23229166666666667 0.1537037037037037 0.010416666666666666 0.018518518518518517
1 0.19010416666666666 0.32592592592592595 0.05416666666666667 0.15925925925925927
1 0.49895833333333334 0.24953703703703703 0.027083333333333334 0.023148148148148147
6 0.23489583333333333 0.24722222222222223 0.022916666666666665 0.020370370370370372
6 0.01875 0.31527777777777777 0.0010416666666666667 0.000925925925925926
4 0.10364583333333334 0.17037037037037037 0.03333333333333333 0.04814814814814815
3 0.5510416666666667 0.09398148148148149 0.007291666666666667 0.021296296296296296
0 0.21380208333333334 0.32222222222222224 0.03177083333333333 0.11481481481481481
1 0.20208333333333334 0.25787037037037036 0.021875 0.025
6 0.4421875 0.7212962962962963 0.12395833333333334 0.18518518518518517
0 0.28072916666666664 0.30416666666666664 0.029166666666666667 0.11944444444444445
1 0.12057291666666667 0.35555555555555557 0.0671875 0.17962962962962964
1 0.1671875 0.3384259259259259 0.06041666666666667 0.17314814814814813
1 0.13776041666666666 0.34074074074074073 0.05677083333333333 0.15925925925925927
