2 0.13723958333333333 0.17546296296296296 0.011979166666666667 0.013888888888888888
2 0.12630208333333334 0.21157407407407408 0.06927083333333334 0.11018518518518519
0 0.45729166666666665 0.19398148148148148 0.01875 0.023148148148148147
6 0.34791666666666665 0.21388888888888888 0.071875 0.04259259259259259
5 0.22526041666666666 0.03009259259259259 0.009895833333333333 0.026851851851851852
4 0.7065104166666667 0.10092592592592593 0.028645833333333332 0.08148148148148149
3 0.23645833333333333 0.052314814814814814 0.007291666666666667 0.01574074074074074
1 0.023177083333333334 0.11157407407407408 0.03697916666666667 0.11574074074074074
2 0.41796875 0.19305555555555556 0.0390625 0.03611111111111111
6 0.19505208333333332 0.11203703703703703 0.013020833333333334 0.009259259259259259
6 0.37942708333333336 0.2162037037037037 0.0026041666666666665 0.002777777777777778
4 0.12864583333333332 0.041666666666666664 0.023958333333333335 0.05740740740740741
3 0.48880208333333336 0.0787037037037037 0.0046875 0.016666666666666666
1 0.0046875 0.13518518518518519 0.009375 0.05555555555555555
0 0.07213541666666666 0.12731481481481483 0.021354166666666667 0.08425925925925926
6 0.19192708333333333 0.11527777777777778 0.0005208333333333333 0.000925925925925926
6 0.07421875 0.10231481481481482 0.028645833333333332 0.004629629629629629
1 0.05026041666666667 0.11481481481481481 0.033854166666666664 0.1111111111111111
0 0.12526041666666668 0.12824074074074074 0.019270833333333334 0.08611111111111111
1 0.5583333333333333 0.3189814814814815 0.175 0.24722222222222223
0 0.08984375 0.12916666666666668 0.0203125 0.0824074074074074
0 0.6609375 0.2111111111111111 0.027083333333333334 0.037037037037037035
1 0.011458333333333333 0.1111111111111111 0.01875 0.1037037037037037
1 0.021875 0.1787037037037037 0.04375 0.03148148148148148
1 0.24713541666666666 0.17777777777777778 0.034895833333333334 0.024074074074074074
1 0.2828125 0.1763888888888889 0.034375 0.019444444444444445
