4 0.1859375 0.31342592592592594 0.041666666666666664 0.11388888888888889
3 0.86953125 0.12037037037037036 0.028645833333333332 0.05925925925925926
1 0.58046875 0.3574074074074074 0.0734375 0.4962962962962963
0 0.6572916666666667 0.4263888888888889 0.06979166666666667 0.6657407407407407
1 0.3932291666666667 0.7273148148148149 0.29791666666666666 0.3972222222222222
0 0.10052083333333334 0.5 0.20104166666666667 1.0
1 0.43411458333333336 0.3486111111111111 0.0921875 0.5675925925925925
0 0.7255208333333333 0.44907407407407407 0.13541666666666666 0.8851851851851852
1 0.3809895833333333 0.3578703703703704 0.0390625 0.4546296296296296
1 0.48125 0.36064814814814816 0.015625 0.38425925925925924
