0 0.47630208333333335 0.6643518518518519 0.08697916666666666 0.04351851851851852
2 0.39947916666666666 0.6476851851851851 0.046875 0.05462962962962963
2 0.64453125 0.6638888888888889 0.06302083333333333 0.05
1 0.35208333333333336 0.649074074074074 0.05 0.04259259259259259
6 0.6161458333333333 0.7319444444444444 0.16979166666666667 0.16203703703703703
5 0.4348958333333333 0.5097222222222222 0.0020833333333333333 0.002777777777777778
5 0.10807291666666667 0.5879629629629629 0.0140625 0.02962962962962963
4 0.1109375 0.5388888888888889 0.027083333333333334 0.06111111111111111
3 0.425 0.5143518518518518 0.00625 0.01574074074074074
2 0.6135416666666667 0.6569444444444444 0.06770833333333333 0.06574074074074074
0 0.5411458333333333 0.6560185185185186 0.019791666666666666 0.017592592592592594
1 0.41848958333333336 0.5708333333333333 0.030729166666666665 0.021296296296296296
6 0.6338541666666667 0.7671296296296296 0.00625 0.006481481481481481
6 0.9486979166666667 0.7101851851851851 0.10260416666666666 0.09074074074074075
5 0.4328125 0.5111111111111111 0.008333333333333333 0.024074074074074074
5 0.11067708333333333 0.5861111111111111 0.0036458333333333334 0.003703703703703704
4 0.012239583333333333 0.4449074074074074 0.024479166666666666 0.062037037037037036
5 0.7734375 0.6 0.013541666666666667 0.03518518518518519
4 0.3372395833333333 0.5152777777777777 0.016145833333333335 0.05277777777777778
