2 0.9953125 0.37916666666666665 0.009375 0.03981481481481482
2 0.20026041666666666 0.058333333333333334 0.005729166666666666 0.03148148148148148
6 0.8822916666666667 0.5726851851851852 0.030208333333333334 0.062037037037037036
3 0.7630208333333334 0.06851851851851852 0.014583333333333334 0.027777777777777776
1 0.525 0.4791666666666667 0.11875 0.5898148148148148
0 0.5627604166666667 0.25092592592592594 0.005729166666666666 0.014814814814814815
1 0.7041666666666667 0.4597222222222222 0.159375 0.487962962962963
1 0.659375 0.28055555555555556 0.07395833333333333 0.05555555555555555
0 0.790625 0.3138888888888889 0.01875 0.0962962962962963
1 0.7177083333333333 0.6513888888888889 0.2760416666666667 0.6972222222222222
0 0.5765625 0.37546296296296294 0.028125 0.2972222222222222
1 0.8265625 0.6277777777777778 0.20208333333333334 0.7
