5 0.4171875 0.2175925925925926 0.0020833333333333333 0.001851851851851852
5 0.27786458333333336 0.2722222222222222 0.0078125 0.016666666666666666
6 0.525 0.2722222222222222 0.0020833333333333333 0.007407407407407408
0 0.6614583333333334 0.350462962962963 0.017708333333333333 0.004629629629629629
2 0.44765625 0.274537037037037 0.009895833333333333 0.012037037037037037
2 0.5122395833333333 0.5356481481481481 0.31302083333333336 0.487962962962963
2 0.36328125 0.27685185185185185 0.015104166666666667 0.014814814814814815
1 0.36223958333333334 0.25833333333333336 0.019270833333333334 0.04259259259259259
0 0.40546875 0.2810185185185185 0.013020833333333334 0.002777777777777778
5 0.4158854166666667 0.21851851851851853 0.0067708333333333336 0.018518518518518517
5 0.2791666666666667 0.26944444444444443 0.0020833333333333333 0.001851851851851852
4 0.12161458333333333 0.13287037037037036 0.0390625 0.11944444444444445
6 0.52890625 0.35185185185185186 0.0026041666666666665 0.005555555555555556
6 0.5244791666666667 0.2740740740740741 0.0010416666666666667 0.005555555555555556
