4 0.515625 0.06851851851851852 0.019791666666666666 0.08148148148148149
6 0.6278645833333333 0.4689814814814815 0.21927083333333333 0.1398148148148148
1 0.6796875 0.2518518518518518 0.06875 0.04814814814814815
0 0.2557291666666667 0.2611111111111111 0.004166666666666667 0.018518518518518517
2 0.5354166666666667 0.26666666666666666 0.025 0.05
2 0.2760416666666667 0.26064814814814813 0.03958333333333333 0.028703703703703703
6 0.22447916666666667 0.19027777777777777 0.00625 0.002777777777777778
1 0.35625 0.26435185185185184 0.01875 0.03425925925925926
0 0.36744791666666665 0.3425925925925926 0.14322916666666666 0.07962962962962963
2 0.4239583333333333 0.2625 0.034375 0.03981481481481482
0 0.15729166666666666 0.2611111111111111 0.03958333333333333 0.022222222222222223
0 0.3307291666666667 0.2967592592592593 0.053125 0.032407407407407406
1 0.03411458333333333 0.2523148148148148 0.013020833333333334 0.017592592592592594
