2 0.42213541666666665 0.33194444444444443 0.024479166666666666 0.025
0 0.4236979166666667 0.33796296296296297 0.0203125 0.018518518518518517
6 0.3966145833333333 0.33935185185185185 0.009895833333333333 0.012037037037037037
5 0.325 0.21666666666666667 0.0020833333333333333 0.001851851851851852
5 0.58671875 0.2625 0.0078125 0.026851851851851852
4 0.2328125 0.2375 0.019791666666666666 0.049074074074074076
3 0.31640625 0.22268518518518518 0.0067708333333333336 0.013888888888888888
2 0.2984375 0.35185185185185186 0.019791666666666666 0.03148148148148148
0 0.22734375 0.7356481481481482 0.4546875 0.5287037037037037
6 0.5458333333333333 0.3453703703703704 0.036458333333333336 0.03333333333333333
5 0.32369791666666664 0.21851851851851853 0.008854166666666666 0.022222222222222223
5 0.5877604166666667 0.2601851851851852 0.0015625 0.003703703703703704
4 0.72734375 0.21342592592592594 0.025520833333333333 0.0824074074074074
1 0.9903645833333333 0.16157407407407406 0.019270833333333334 0.22314814814814815
1 0.6682291666666667 0.31527777777777777 0.04479166666666667 0.03981481481481482
6 0.03958333333333333 0.46574074074074073 0.07916666666666666 0.08148148148148149
5 0.028645833333333332 0.34074074074074073 0.015625 0.025925925925925925
4 0.0203125 0.29583333333333334 0.030208333333333334 0.05648148148148148
0 0.9666666666666667 0.16527777777777777 0.04895833333333333 0.23796296296296296
0 0.36354166666666665 0.36157407407407405 0.04583333333333333 0.03611111111111111
1 0.008072916666666667 0.5296296296296297 0.016145833333333335 0.12222222222222222
1 0.8640625 0.29305555555555557 0.05520833333333333 0.03796296296296296
