2 0.018489583333333334 0.024074074074074074 0.028645833333333332 0.04814814814814815
1 0.5854166666666667 0.09675925925925925 0.046875 0.1935185185185185
0 0.47734375 0.26805555555555555 0.13072916666666667 0.5361111111111111
0 0.20182291666666666 0.0375 0.021354166666666667 0.03425925925925926
1 0.40286458333333336 0.16064814814814815 0.013020833333333334 0.09166666666666666
0 0.057291666666666664 0.21851851851851853 0.11458333333333333 0.43703703703703706
1 0.6557291666666667 0.15601851851851853 0.11875 0.31203703703703706
0 0.31796875 0.34120370370370373 0.2296875 0.6824074074074075
1 0.14505208333333333 0.18796296296296297 0.1953125 0.11851851851851852
1 0.4122395833333333 0.14351851851851852 0.034895833333333334 0.28703703703703703
