1 0.4401041666666667 0.3527777777777778 0.035416666666666666 0.06111111111111111
5 0.31744791666666666 0.18472222222222223 0.0078125 0.023148148148148147
4 0.7138020833333333 0.16574074074074074 0.0296875 0.08888888888888889
6 0.4942708333333333 0.3472222222222222 0.01875 0.020370370370370372
0 0.058854166666666666 0.3351851851851852 0.11770833333333333 0.10185185185185185
2 0.19088541666666667 0.3055555555555556 0.0546875 0.03888888888888889
2 0.22109375 0.3189814814814815 0.005729166666666666 0.006481481481481481
1 0.3268229166666667 0.2550925925925926 0.008854166666666666 0.008333333333333333
0 0.3658854166666667 0.3194444444444444 0.018229166666666668 0.014814814814814815
4 0.45416666666666666 0.3013888888888889 0.0010416666666666667 0.000925925925925926
6 0.24895833333333334 0.32037037037037036 0.041666666666666664 0.007407407407407408
1 0.5354166666666667 0.5606481481481481 0.225 0.287962962962963
0 0.390625 0.3236111111111111 0.030208333333333334 0.01574074074074074
1 0.2950520833333333 0.3055555555555556 0.0046875 0.009259259259259259
