2 0.7385416666666667 0.4861111111111111 0.06979166666666667 0.044444444444444446
0 0.3619791666666667 0.48703703703703705 0.025 0.005555555555555556
6 0.8994791666666667 0.4912037037037037 0.053125 0.026851851851851852
3 0.4127604166666667 0.29074074074074074 0.0005208333333333333 0.009259259259259259
1 0.3265625 0.2638888888888889 0.046875 0.5277777777777778
2 0.9625 0.4888888888888889 0.075 0.06296296296296296
3 0.8552083333333333 0.3199074074074074 0.0125 0.026851851851851852
1 0.49453125 0.28935185185185186 0.16510416666666666 0.5787037037037037
0 0.73515625 0.30648148148148147 0.06197916666666667 0.4
1 0.17916666666666667 0.30972222222222223 0.259375 0.6194444444444445
