2 0.390625 0.5842592592592593 0.011458333333333333 0.016666666666666666
1 0.29453125 0.6138888888888889 0.0515625 0.037037037037037035
0 0.4010416666666667 0.6680555555555555 0.14791666666666667 0.07314814814814814
6 0.2578125 0.700925925925926 0.10520833333333333 0.06666666666666667
5 0.18984375 0.5671296296296297 0.0015625 0.000925925925925926
2 0.653125 0.6180555555555556 0.020833333333333332 0.062037037037037036
6 0.5752604166666667 0.5703703703703704 0.0078125 0.014814814814814815
1 0.13177083333333334 0.6550925925925926 0.103125 0.05648148148148148
2 0.37526041666666665 0.5916666666666667 0.025520833333333333 0.02962962962962963
6 0.3575520833333333 0.6240740740740741 0.06510416666666667 0.037037037037037035
1 0.5627604166666667 0.5606481481481481 0.018229166666666668 0.012037037037037037
6 0.5223958333333333 0.5708333333333333 0.0020833333333333333 0.000925925925925926
6 0.5169270833333334 0.5699074074074074 0.0067708333333333336 0.004629629629629629
