5 0.012239583333333333 0.08425925925925926 0.013020833333333334 0.025925925925925925
4 0.38125 0.1337962962962963 0.015625 0.06388888888888888
6 0.128125 0.27824074074074073 0.016666666666666666 0.017592592592592594
1 0.04401041666666667 0.2412037037037037 0.044270833333333336 0.017592592592592594
0 0.37864583333333335 0.3138888888888889 0.013541666666666667 0.007407407407407408
2 0.5770833333333333 0.5208333333333334 0.284375 0.35648148148148145
2 0.5283854166666667 0.32407407407407407 0.09947916666666666 0.10925925925925926
5 0.2078125 0.19675925925925927 0.007291666666666667 0.019444444444444445
4 0.9596354166666666 0.23796296296296296 0.005729166666666666 0.016666666666666666
6 0.13802083333333334 0.3212962962962963 0.05625 0.011111111111111112
0 0.13463541666666667 0.32314814814814813 0.03177083333333333 0.007407407407407408
4 0.19661458333333334 0.19768518518518519 0.015104166666666667 0.03981481481481482
