2 0.3841145833333333 0.4046296296296296 0.050520833333333334 0.05925925925925926
1 0.11901041666666666 0.2865740740740741 0.0859375 0.012037037037037037
6 0.034375 0.4597222222222222 0.06875 0.06759259259259259
5 0.018229166666666668 0.17175925925925925 0.00625 0.006481481481481481
5 0.5044270833333333 0.31203703703703706 0.0140625 0.046296296296296294
4 0.84140625 0.2175925925925926 0.06822916666666666 0.18333333333333332
3 0.00234375 0.17916666666666667 0.0046875 0.026851851851851852
1 0.5013020833333334 0.46620370370370373 0.16927083333333334 0.1527777777777778
5 0.014322916666666666 0.1736111111111111 0.021354166666666667 0.04351851851851852
5 0.5065104166666666 0.30833333333333335 0.0036458333333333334 0.005555555555555556
