0 0.9484375 0.49212962962962964 0.103125 0.1398148148148148
4 0.07213541666666666 0.20046296296296295 0.0546875 0.11388888888888889
3 0.6307291666666667 0.060648148148148145 0.015625 0.03981481481481482
1 0.39114583333333336 0.22870370370370371 0.04895833333333333 0.26851851851851855
1 0.3736979166666667 0.12546296296296297 0.009895833333333333 0.010185185185185186
0 0.5015625 0.24814814814814815 0.034375 0.25925925925925924
1 0.45390625 0.225 0.04010416666666667 0.24074074074074073
0 0.3390625 0.26296296296296295 0.05416666666666667 0.3055555555555556
1 0.5635416666666667 0.8064814814814815 0.26145833333333335 0.387037037037037
0 0.48333333333333334 0.24722222222222223 0.019791666666666666 0.2388888888888889
1 0.35911458333333335 0.23055555555555557 0.04010416666666667 0.24444444444444444
