2 0.7197916666666667 0.01990740740740741 0.051041666666666666 0.03981481481481482
2 0.26223958333333336 0.16157407407407406 0.0296875 0.04722222222222222
1 0.521875 0.5731481481481482 0.128125 0.48148148148148145
6 0.31979166666666664 0.009722222222222222 0.015625 0.017592592592592594
0 0.08880208333333334 0.16574074074074074 0.0578125 0.15185185185185185
2 0.990625 0.16342592592592592 0.01875 0.10092592592592593
1 0.0033854166666666668 0.2828703703703704 0.0067708333333333336 0.025
0 0.13723958333333333 0.1527777777777778 0.0578125 0.1685185185185185
0 0.057291666666666664 0.1787037037037037 0.0625 0.15555555555555556
0 0.9197916666666667 0.020833333333333332 0.09791666666666667 0.041666666666666664
1 0.024739583333333332 0.21898148148148147 0.049479166666666664 0.1527777777777778
1 0.5252604166666667 0.08703703703703704 0.027604166666666666 0.05740740740740741
1 0.22291666666666668 0.03611111111111111 0.040625 0.044444444444444446
