2 0.21901041666666668 0.4152777777777778 0.06302083333333333 0.08981481481481482
2 0.0013020833333333333 0.3175925925925926 0.0026041666666666665 0.020370370370370372
6 0.38958333333333334 0.3060185185185185 0.027083333333333334 0.013888888888888888
5 0.27317708333333335 0.15138888888888888 0.009895833333333333 0.025
4 0.17005208333333333 0.16157407407407406 0.022395833333333334 0.05462962962962963
3 0.26510416666666664 0.1550925925925926 0.007291666666666667 0.01574074074074074
1 0.8471354166666667 0.29212962962962963 0.1015625 0.41388888888888886
0 0.9778645833333334 0.4074074074074074 0.044270833333333336 0.6833333333333333
2 0.20208333333333334 0.3055555555555556 0.015625 0.024074074074074074
6 0.028385416666666666 0.31296296296296294 0.03802083333333333 0.022222222222222223
5 0.5315104166666667 0.24351851851851852 0.0067708333333333336 0.03148148148148148
4 0.6544270833333333 0.21898148148148147 0.0296875 0.10092592592592593
1 0.7794270833333333 0.09351851851851851 0.05572916666666667 0.024074074074074074
0 0.9145833333333333 0.42314814814814816 0.17083333333333334 0.837037037037037
1 0.96875 0.09212962962962963 0.0625 0.15092592592592594
0 0.49947916666666664 0.36435185185185187 0.06770833333333333 0.5268518518518519
0 0.06692708333333333 0.23425925925925925 0.03802083333333333 0.005555555555555556
1 0.7721354166666666 0.29907407407407405 0.11302083333333333 0.524074074074074
0 0.2791666666666667 0.30648148148148147 0.014583333333333334 0.014814814814814815
1 0.0515625 0.3347222222222222 0.075 0.03981481481481482
1 0.19921875 0.32222222222222224 0.0203125 0.025925925925925925
1 0.10364583333333334 0.37592592592592594 0.06354166666666666 0.08888888888888889
1 0.2596354166666667 0.2337962962962963 0.0203125 0.012037037037037037
