5 0.271875 0.35555555555555557 0.00625 0.022222222222222223
5 0.07395833333333333 0.4078703703703704 0.003125 0.002777777777777778
1 0.23697916666666666 0.41064814814814815 0.027083333333333334 0.008333333333333333
0 0.54453125 0.4935185185185185 0.1609375 0.1648148148148148
2 0.3625 0.4726851851851852 0.009375 0.013888888888888888
2 0.11822916666666666 0.4398148148148148 0.027083333333333334 0.011111111111111112
0 0.91015625 0.4587962962962963 0.1796875 0.16574074074074074
5 0.071875 0.40925925925925927 0.011458333333333333 0.024074074074074074
2 0.25234375 0.4675925925925926 0.019270833333333334 0.03148148148148148
0 0.9979166666666667 0.5226851851851851 0.004166666666666667 0.004629629629629629
0 0.12552083333333333 0.48009259259259257 0.184375 0.06944444444444445
