2 0.6872395833333333 0.21666666666666667 0.043229166666666666 0.040740740740740744
2 0.6356770833333333 0.21574074074074073 0.04010416666666667 0.03888888888888889
0 0.5916666666666667 0.22546296296296298 0.030208333333333334 0.026851851851851852
1 0.8015625 0.22268518518518518 0.08333333333333333 0.03796296296296296
5 0.4744791666666667 0.14212962962962963 0.0125 0.03611111111111111
4 0.6875 0.12129629629629629 0.028125 0.07777777777777778
2 0.89609375 0.2111111111111111 0.05260416666666667 0.040740740740740744
0 0.58046875 0.4486111111111111 0.25364583333333335 0.1824074074074074
1 0.1125 0.08611111111111111 0.03958333333333333 0.022222222222222223
1 0.790625 0.26435185185185184 0.115625 0.026851851851851852
