1 0.010416666666666666 0.04953703703703704 0.003125 0.012037037037037037
5 0.165625 0.05416666666666667 0.009375 0.021296296296296296
4 0.371875 0.006944444444444444 0.016666666666666666 0.013888888888888888
0 0.04921875 0.3074074074074074 0.05677083333333333 0.044444444444444446
4 0.15260416666666668 0.049074074074074076 0.01875 0.03148148148148148
6 0.5286458333333334 0.18287037037037038 0.05416666666666667 0.03796296296296296
1 0.6484375 0.1824074074074074 0.08333333333333333 0.07037037037037037
0 0.2825520833333333 0.22685185185185186 0.04010416666666667 0.037037037037037035
0 0.4513020833333333 0.6884259259259259 0.10364583333333334 0.5046296296296297
6 0.27630208333333334 0.20277777777777778 0.04010416666666667 0.018518518518518517
1 0.8848958333333333 0.37453703703703706 0.23020833333333332 0.20277777777777778
0 0.5861979166666667 0.5402777777777777 0.1203125 0.3212962962962963
1 0.140625 0.3074074074074074 0.052083333333333336 0.05925925925925926
