2 0.96875 0.1597222222222222 0.0625 0.09351851851851851
2 0.09036458333333333 0.08055555555555556 0.04114583333333333 0.009259259259259259
0 0.0046875 0.08611111111111111 0.009375 0.012962962962962963
6 0.9984375 0.12129629629629629 0.003125 0.022222222222222223
5 0.3346354166666667 0.07083333333333333 0.015104166666666667 0.03611111111111111
4 0.5375 0.03425925925925926 0.022916666666666665 0.06851851851851852
1 0.9716145833333333 0.03796296296296296 0.021354166666666667 0.07592592592592592
2 0.4705729166666667 0.7212962962962963 0.2838541666666667 0.5537037037037037
0 0.21458333333333332 0.16944444444444445 0.01875 0.022222222222222223
6 0.3140625 0.23981481481481481 0.084375 0.06666666666666667
1 0.9552083333333333 0.04027777777777778 0.036458333333333336 0.08055555555555556
1 0.91640625 0.0412037037037037 0.033854166666666664 0.0824074074074074
0 0.9958333333333333 0.06157407407407407 0.008333333333333333 0.04351851851851852
1 0.90078125 0.04027777777777778 0.0203125 0.08055555555555556
1 0.8028645833333333 0.11990740740740741 0.09635416666666667 0.04537037037037037
