1 0.10729166666666666 0.06388888888888888 0.05 0.037037037037037035
0 0.39921875 0.47175925925925927 0.04114583333333333 0.04722222222222222
2 0.5388020833333333 0.10138888888888889 0.30364583333333334 0.20277777777777778
1 0.284375 0.2865740740740741 0.029166666666666667 0.14537037037037037
0 0.2721354166666667 0.4287037037037037 0.06510416666666667 0.09444444444444444
0 0.0765625 0.043055555555555555 0.01875 0.026851851851851852
1 0.11640625 0.4324074074074074 0.09114583333333333 0.08888888888888889
0 0.0515625 0.3925925925925926 0.065625 0.05740740740740741
1 0.12942708333333333 0.48333333333333334 0.0890625 0.07407407407407407
0 0.07552083333333333 0.4388888888888889 0.06354166666666666 0.053703703703703705
