6 0.6526041666666667 0.6777777777777778 0.23541666666666666 0.2537037037037037
5 0.20729166666666668 0.08703703703703704 0.008333333333333333 0.03148148148148148
4 0.32708333333333334 0.12175925925925926 0.020833333333333332 0.07314814814814814
3 0.6723958333333333 0.1726851851851852 0.015625 0.032407407407407406
1 0.39869791666666665 0.22361111111111112 0.0234375 0.12314814814814815
0 0.43333333333333335 0.2638888888888889 0.0125 0.11851851851851852
1 0.40078125 0.2324074074074074 0.025520833333333333 0.13518518518518519
0 0.34296875 0.2412037037037037 0.019270833333333334 0.12685185185185185
1 0.44453125 0.24351851851851852 0.019270833333333334 0.12962962962962962
0 0.42265625 0.2671296296296296 0.021354166666666667 0.12314814814814815
0 0.22838541666666667 0.20324074074074075 0.030729166666666665 0.021296296296296296
1 0.4203125 0.22777777777777777 0.023958333333333335 0.12037037037037036
0 0.39296875 0.27546296296296297 0.0328125 0.013888888888888888
0 0.8098958333333334 0.4699074074074074 0.05520833333333333 0.10092592592592593
