2 0.28020833333333334 0.29768518518518516 0.005208333333333333 0.002777777777777778
6 0.1546875 0.29953703703703705 0.016666666666666666 0.012037037037037037
5 0.07239583333333334 0.1398148148148148 0.0020833333333333333 0.014814814814814815
5 0.33307291666666666 0.23472222222222222 0.0015625 0.002777777777777778
4 0.4109375 0.2300925925925926 0.014583333333333334 0.05462962962962963
3 0.6783854166666666 0.17083333333333334 0.011979166666666667 0.023148148148148147
1 0.4309895833333333 0.24583333333333332 0.009895833333333333 0.03981481481481482
0 0.37552083333333336 0.26805555555555555 0.0125 0.049074074074074076
6 0.10104166666666667 0.2824074074074074 0.00625 0.005555555555555556
5 0.33255208333333336 0.2361111111111111 0.005729166666666666 0.022222222222222223
3 0.06848958333333334 0.14537037037037037 0.008854166666666666 0.014814814814814815
1 0.4578125 0.2564814814814815 0.014583333333333334 0.05925925925925926
0 0.43203125 0.26666666666666666 0.011979166666666667 0.04259259259259259
1 0.42526041666666664 0.2574074074074074 0.015104166666666667 0.06296296296296296
0 0.44140625 0.2662037037037037 0.0109375 0.041666666666666664
0 0.13645833333333332 0.29583333333333334 0.013541666666666667 0.006481481481481481
1 0.4471354166666667 0.2564814814814815 0.011979166666666667 0.05925925925925926
0 0.1421875 0.22777777777777777 0.004166666666666667 0.001851851851851852
1 0.13307291666666668 0.22268518518518518 0.015104166666666667 0.013888888888888888
0 0.48098958333333336 0.39351851851851855 0.20989583333333334 0.19074074074074074
