0 0.7846354166666667 0.3962962962962963 0.028645833333333332 0.02962962962962963
2 0.60859375 0.37407407407407406 0.0203125 0.02962962962962963
1 0.790625 0.3712962962962963 0.015625 0.020370370370370372
6 0.6260416666666667 0.3939814814814815 0.0375 0.025
5 0.88984375 0.3162037037037037 0.011979166666666667 0.030555555555555555
4 0.17265625 0.25925925925925924 0.0390625 0.11666666666666667
3 0.5890625 0.2537037037037037 0.005208333333333333 0.012962962962962963
2 0.6765625 0.4300925925925926 0.09270833333333334 0.06944444444444445
0 0.38515625 0.5685185185185185 0.2765625 0.17962962962962964
1 0.5583333333333333 0.31342592592592594 0.01875 0.010185185185185186
6 0.61796875 0.3925925925925926 0.0015625 0.001851851851851852
6 0.7455729166666667 0.4152777777777778 0.04010416666666667 0.017592592592592594
5 0.596875 0.24861111111111112 0.0020833333333333333 0.002777777777777778
5 0.37864583333333335 0.33055555555555555 0.007291666666666667 0.020370370370370372
4 0.3184895833333333 0.2388888888888889 0.005729166666666666 0.040740740740740744
3 0.29739583333333336 0.3087962962962963 0.005208333333333333 0.021296296296296296
0 0.5692708333333333 0.40324074074074073 0.05 0.03425925925925926
1 0.5736979166666667 0.3680555555555556 0.015104166666666667 0.017592592592592594
5 0.5953125 0.25 0.007291666666666667 0.020370370370370372
5 0.3802083333333333 0.32916666666666666 0.0020833333333333333 0.002777777777777778
4 0.3776041666666667 0.2972222222222222 0.013541666666666667 0.040740740740740744
0 0.6276041666666666 0.3736111111111111 0.019791666666666666 0.01574074074074074
1 0.94375 0.3921296296296296 0.051041666666666666 0.03981481481481482
4 0.5208333333333334 0.26296296296296295 0.0125 0.040740740740740744
