6 0.40078125 0.7050925925925926 0.06197916666666667 0.09537037037037037
5 0.11145833333333334 0.4375 0.005208333333333333 0.03796296296296296
4 0.28515625 0.4236111111111111 0.030729166666666665 0.10277777777777777
3 0.9841145833333333 0.2773148148148148 0.03177083333333333 0.06018518518518518
1 0.56875 0.5370370370370371 0.010416666666666666 0.3296296296296296
0 0.77421875 0.6439814814814815 0.0921875 0.712037037037037
6 0.010416666666666666 0.5402777777777777 0.020833333333333332 0.03796296296296296
1 0.6723958333333333 0.5351851851851852 0.08541666666666667 0.5111111111111111
0 0.19635416666666666 0.5652777777777778 0.171875 0.8694444444444445
1 0.5260416666666666 0.5347222222222222 0.090625 0.5879629629629629
0 0.8692708333333333 0.6106481481481482 0.16875 0.7787037037037037
1 0.48125 0.5185185185185185 0.06041666666666667 0.4537037037037037
1 0.022916666666666665 0.6685185185185185 0.04583333333333333 0.08888888888888889
