5 0.334375 0.1125 0.0125 0.05092592592592592
6 0.51171875 0.26342592592592595 0.0005208333333333333 0.000925925925925926
1 0.31354166666666666 0.14444444444444443 0.08645833333333333 0.03333333333333333
0 0.9809895833333333 0.5097222222222222 0.03802083333333333 0.04722222222222222
6 0.8736979166666666 0.4652777777777778 0.027604166666666666 0.028703703703703703
0 0.4546875 0.36435185185185187 0.084375 0.5564814814814815
1 0.9119791666666667 0.5949074074074074 0.17604166666666668 0.15833333333333333
0 0.5877604166666667 0.39490740740740743 0.10885416666666667 0.6361111111111111
0 0.7744791666666667 0.5125 0.103125 0.04722222222222222
0 0.33125 0.21574074074074073 0.090625 0.022222222222222223
