2 0.09817708333333333 0.13564814814814816 0.09635416666666667 0.10648148148148148
2 0.21432291666666667 0.01990740740740741 0.016145833333333335 0.017592592592592594
6 0.08098958333333334 0.09074074074074075 0.027604166666666666 0.022222222222222223
1 0.65390625 0.03981481481481482 0.0265625 0.07962962962962963
0 0.6924479166666667 0.041666666666666664 0.009895833333333333 0.08333333333333333
2 0.3541666666666667 0.047685185185185185 0.03229166666666667 0.03796296296296296
6 0.09791666666666667 0.027314814814814816 0.03854166666666667 0.019444444444444445
1 0.665625 0.037037037037037035 0.010416666666666666 0.07407407407407407
0 0.6190104166666667 0.04259259259259259 0.022395833333333334 0.08518518518518518
1 0.6880208333333333 0.040740740740740744 0.017708333333333333 0.08148148148148149
0 0.7010416666666667 0.04583333333333333 0.027083333333333334 0.09166666666666666
0 0.6830729166666667 0.425 0.2953125 0.17407407407407408
1 0.6385416666666667 0.0375 0.017708333333333333 0.075
0 0.7903645833333334 0.08842592592592592 0.05260416666666667 0.062037037037037036
1 0.5 0.17175925925925925 0.09791666666666667 0.11203703703703703
