2 0.83359375 0.48518518518518516 0.3328125 0.45925925925925926
6 0.45859375 0.27314814814814814 0.030729166666666665 0.012962962962962963
5 0.2520833333333333 0.08333333333333333 0.0125 0.03333333333333333
4 0.12421875 0.09768518518518518 0.030729166666666665 0.075
3 0.26614583333333336 0.1111111111111111 0.009375 0.020370370370370372
0 0.010677083333333334 0.20925925925925926 0.021354166666666667 0.13148148148148148
0 0.18229166666666666 0.2791666666666667 0.05 0.026851851851851852
6 0.12630208333333334 0.29074074074074074 0.0796875 0.03333333333333333
6 0.4473958333333333 0.27546296296296297 0.0010416666666666667 0.000925925925925926
3 0.6059895833333333 0.1259259259259259 0.0067708333333333336 0.024074074074074074
6 0.10390625 0.28935185185185186 0.0026041666666666665 0.002777777777777778
6 0.3971354166666667 0.7060185185185185 0.3203125 0.5879629629629629
