2 0.42239583333333336 0.5560185185185185 0.034375 0.03981481481481482
2 0.4388020833333333 0.575462962962963 0.019270833333333334 0.013888888888888888
4 0.14505208333333333 0.4236111111111111 0.0453125 0.09351851851851851
3 0.6809895833333334 0.5708333333333333 0.0078125 0.019444444444444445
1 0.8809895833333333 0.39166666666666666 0.18177083333333333 0.7833333333333333
0 0.5934895833333333 0.5893518518518519 0.0078125 0.24166666666666667
1 0.6377604166666667 0.4666666666666667 0.08385416666666666 0.5296296296296297
0 0.49166666666666664 0.5851851851851851 0.03125 0.024074074074074074
1 0.7723958333333333 0.49722222222222223 0.08541666666666667 0.48333333333333334
1 0.7190104166666667 0.7032407407407407 0.04114583333333333 0.026851851851851852
1 0.9526041666666667 0.4828703703703704 0.042708333333333334 0.5527777777777778
