4 0.04010416666666667 0.1824074074074074 0.022916666666666665 0.05185185185185185
5 0.47109375 0.2689814814814815 0.0067708333333333336 0.019444444444444445
3 0.23333333333333334 0.16342592592592592 0.00625 0.01574074074074074
6 0.8432291666666667 0.7097222222222223 0.24583333333333332 0.2212962962962963
1 0.28359375 0.30324074074074076 0.033854166666666664 0.019444444444444445
0 0.3455729166666667 0.3236111111111111 0.022395833333333334 0.017592592592592594
2 0.24140625 0.3731481481481482 0.0390625 0.06666666666666667
1 0.0328125 0.5597222222222222 0.065625 0.09907407407407408
4 0.46119791666666665 0.27037037037037037 0.011979166666666667 0.040740740740740744
5 0.315625 0.1712962962962963 0.008333333333333333 0.022222222222222223
6 0.32890625 0.25 0.0171875 0.003703703703703704
2 0.2947916666666667 0.31342592592592594 0.030208333333333334 0.023148148148148147
0 0.5791666666666667 0.36944444444444446 0.07291666666666667 0.45555555555555555
4 0.6278645833333333 0.11666666666666667 0.027604166666666666 0.10740740740740741
6 0.22630208333333332 0.35555555555555557 0.016145833333333335 0.011111111111111112
1 0.5755208333333334 0.7893518518518519 0.171875 0.4212962962962963
0 0.38645833333333335 0.24074074074074073 0.005208333333333333 0.001851851851851852
2 0.17083333333333334 0.30462962962962964 0.03333333333333333 0.025925925925925925
1 0.25026041666666665 0.2953703703703704 0.03697916666666667 0.024074074074074074
6 0.0109375 0.30324074074074076 0.021875 0.025
6 0.91953125 0.7953703703703704 0.008854166666666666 0.007407407407407408
0 0.5052083333333334 0.3509259259259259 0.057291666666666664 0.3888888888888889
1 0.03723958333333333 0.4777777777777778 0.07447916666666667 0.08703703703703704
6 0.35260416666666666 0.33101851851851855 0.014583333333333334 0.019444444444444445
0 0.3453125 0.35694444444444445 0.029166666666666667 0.026851851851851852
0 0.009375 0.2865740740740741 0.01875 0.017592592592592594
0 0.21171875 0.3148148148148148 0.018229166666666668 0.011111111111111112
