2 0.7658854166666667 0.36018518518518516 0.09739583333333333 0.07592592592592592
2 0.3015625 0.36898148148148147 0.022916666666666665 0.03425925925925926
0 0.04765625 0.375 0.044270833333333336 0.020370370370370372
6 0.22213541666666667 0.31805555555555554 0.0234375 0.010185185185185186
5 0.00078125 0.28703703703703703 0.0015625 0.022222222222222223
4 0.6731770833333334 0.28379629629629627 0.024479166666666666 0.0787037037037037
3 0.0015625 0.3125 0.003125 0.01574074074074074
2 0.48359375 0.362962962962963 0.14114583333333333 0.1
6 0.0036458333333333334 0.35694444444444445 0.007291666666666667 0.01574074074074074
5 0.25729166666666664 0.2513888888888889 0.008333333333333333 0.021296296296296296
4 0.17135416666666667 0.26435185185185184 0.017708333333333333 0.04722222222222222
3 0.26666666666666666 0.26944444444444443 0.00625 0.012962962962962963
1 0.012760416666666666 0.31574074074074077 0.025520833333333333 0.09814814814814815
0 0.10911458333333333 0.3287037037037037 0.0140625 0.07407407407407407
3 0.4869791666666667 0.2800925925925926 0.004166666666666667 0.01574074074074074
1 0.04140625 0.31805555555555554 0.0234375 0.09351851851851851
0 0.08359375 0.33055555555555555 0.015104166666666667 0.07037037037037037
0 0.22447916666666667 0.37453703703703706 0.034375 0.017592592592592594
1 0.017447916666666667 0.31851851851851853 0.0234375 0.09259259259259259
1 0.6713541666666667 0.36435185185185187 0.10208333333333333 0.075
0 0.06666666666666667 0.3296296296296296 0.015625 0.07222222222222222
1 0.19322916666666667 0.31712962962962965 0.016666666666666666 0.008333333333333333
1 0.5877604166666667 0.37175925925925923 0.033854166666666664 0.03611111111111111
