2 0.17552083333333332 0.22083333333333333 0.025 0.006481481481481481
0 0.3768229166666667 0.43472222222222223 0.4296875 0.22685185185185186
1 0.42682291666666666 0.24953703703703703 0.0171875 0.010185185185185186
5 0.56484375 0.16944444444444445 0.013020833333333334 0.03888888888888889
4 0.4239583333333333 0.1935185185185185 0.023958333333333335 0.07962962962962963
3 0.553125 0.17685185185185184 0.009375 0.024074074074074074
1 0.35572916666666665 0.24722222222222223 0.020833333333333332 0.014814814814814815
4 0.15026041666666667 0.22083333333333333 0.025520833333333333 0.004629629629629629
1 0.08776041666666666 0.3375 0.09114583333333333 0.13796296296296295
4 0.040364583333333336 0.15138888888888888 0.033854166666666664 0.08055555555555556
1 0.11536458333333334 0.38055555555555554 0.11614583333333334 0.06481481481481481
