6 0.07916666666666666 0.21898148148148147 0.03333333333333333 0.008333333333333333
5 0.31588541666666664 0.13796296296296295 0.008854166666666666 0.024074074074074074
4 0.028645833333333332 0.18333333333333332 0.027083333333333334 0.053703703703703705
3 0.22864583333333333 0.1398148148148148 0.007291666666666667 0.016666666666666666
1 0.5369791666666667 0.5310185185185186 0.140625 0.23425925925925925
0 0.27578125 0.3199074074074074 0.044270833333333336 0.026851851851851852
2 0.3421875 0.5175925925925926 0.06145833333333333 0.15185185185185185
1 0.11848958333333333 0.22083333333333333 0.03177083333333333 0.004629629629629629
4 0.4700520833333333 0.21157407407407408 0.008854166666666666 0.010185185185185186
5 0.484375 0.22453703703703703 0.005208333333333333 0.019444444444444445
0 0.29322916666666665 0.300462962962963 0.025 0.019444444444444445
1 0.32421875 0.3541666666666667 0.0640625 0.05648148148148148
4 0.67265625 0.049074074074074076 0.03177083333333333 0.09814814814814815
0 0.5333333333333333 0.3925925925925926 0.07604166666666666 0.04814814814814815
1 0.005989583333333334 0.29907407407407405 0.011979166666666667 0.024074074074074074
0 0.22890625 0.35 0.0703125 0.037037037037037035
0 0.3033854166666667 0.3236111111111111 0.0484375 0.026851851851851852
0 0.9216145833333333 0.6300925925925925 0.15677083333333333 0.7398148148148148
0 0.715625 0.47453703703703703 0.14270833333333333 0.8027777777777778
0 0.2859375 0.2212962962962963 0.026041666666666668 0.007407407407407408
