0 0.8125 0.5666666666666667 0.11875 0.044444444444444446
1 0.21953125 0.6106481481481482 0.3203125 0.18981481481481483
6 0.5638020833333334 0.5703703703703704 0.03802083333333333 0.018518518518518517
4 0.35989583333333336 0.500462962962963 0.020833333333333332 0.06574074074074074
3 0.004166666666666667 0.4564814814814815 0.008333333333333333 0.022222222222222223
0 0.39348958333333334 0.5819444444444445 0.033854166666666664 0.026851851851851852
1 0.7739583333333333 0.4546296296296296 0.017708333333333333 0.009259259259259259
4 0.8197916666666667 0.39537037037037037 0.013541666666666667 0.05555555555555555
3 0.5760416666666667 0.5060185185185185 0.00625 0.019444444444444445
0 0.91953125 0.42777777777777776 0.027604166666666666 0.018518518518518517
1 0.79453125 0.4412037037037037 0.025520833333333333 0.025
4 0.8822916666666667 0.43194444444444446 0.009375 0.026851851851851852
0 0.0671875 0.5972222222222222 0.027083333333333334 0.024074074074074074
1 0.4479166666666667 0.5731481481481482 0.016666666666666666 0.027777777777777776
