2 0.48125 0.6537037037037037 0.10208333333333333 0.1574074074074074
1 0.13723958333333333 0.6157407407407407 0.0015625 0.009259259259259259
0 0.9377604166666667 0.7199074074074074 0.12447916666666667 0.17685185185185184
4 0.47708333333333336 0.5226851851851851 0.00625 0.000925925925925926
5 0.32526041666666666 0.4273148148148148 0.008854166666666666 0.023148148148148147
6 0.36822916666666666 0.49537037037037035 0.0125 0.007407407407407408
3 0.23229166666666667 0.4300925925925926 0.007291666666666667 0.01574074074074074
2 0.24453125 0.5726851851851852 0.016145833333333335 0.032407407407407406
1 0.36276041666666664 0.575 0.0359375 0.03518518518518519
0 0.7729166666666667 0.5939814814814814 0.03854166666666667 0.05462962962962963
4 0.8020833333333334 0.2847222222222222 0.03854166666666667 0.11574074074074074
6 0.9255208333333333 0.6157407407407407 0.14895833333333333 0.05925925925925926
6 0.18541666666666667 0.5791666666666667 0.03229166666666667 0.017592592592592594
1 0.3763020833333333 0.8101851851851852 0.21927083333333333 0.37962962962962965
0 0.3177083333333333 0.6296296296296297 0.12291666666666666 0.053703703703703705
