2 0.5875 0.37175925925925923 0.057291666666666664 0.09537037037037037
2 0.38828125 0.350462962962963 0.0296875 0.03796296296296296
0 0.64609375 0.2810185185185185 0.0234375 0.008333333333333333
1 0.51328125 0.2828703703703704 0.03697916666666667 0.013888888888888888
6 0.41744791666666664 0.36435185185185187 0.04114583333333333 0.028703703703703703
5 0.93515625 0.2810185185185185 0.016145833333333335 0.03796296296296296
4 0.4934895833333333 0.23055555555555557 0.0140625 0.04814814814814815
3 0.5723958333333333 0.21944444444444444 0.00625 0.014814814814814815
2 0.6473958333333333 0.34953703703703703 0.025 0.023148148148148147
0 0.2674479166666667 0.6041666666666666 0.5348958333333333 0.3861111111111111
1 0.48489583333333336 0.35 0.03229166666666667 0.024074074074074074
5 0.5815104166666667 0.21342592592592594 0.0026041666666666665 0.002777777777777778
5 0.33255208333333336 0.30925925925925923 0.008854166666666666 0.022222222222222223
4 0.26015625 0.20555555555555555 0.0171875 0.04814814814814815
3 0.18619791666666666 0.274537037037037 0.008854166666666666 0.026851851851851852
0 0.6513020833333333 0.3523148148148148 0.028645833333333332 0.017592592592592594
1 0.8236979166666667 0.35555555555555557 0.08802083333333334 0.03518518518518519
5 0.5796875 0.2152777777777778 0.008333333333333333 0.023148148148148147
5 0.334375 0.30787037037037035 0.0020833333333333333 0.002777777777777778
4 0.33046875 0.2708333333333333 0.016145833333333335 0.04722222222222222
0 0.64609375 0.28379629629629627 0.030729166666666665 0.002777777777777778
