0 0.6763020833333333 0.22546296296296298 0.08072916666666667 0.03425925925925926
6 0.43203125 0.3060185185185185 0.034895833333333334 0.05648148148148148
5 0.3424479166666667 0.07453703703703704 0.0140625 0.03981481481481482
3 0.19791666666666666 0.060648148148148145 0.013541666666666667 0.028703703703703703
2 0.5411458333333333 0.3013888888888889 0.041666666666666664 0.03981481481481482
2 0.29661458333333335 0.17314814814814813 0.024479166666666666 0.025925925925925925
1 0.10104166666666667 0.3277777777777778 0.146875 0.06666666666666667
0 0.6315104166666666 0.49537037037037035 0.2557291666666667 0.13333333333333333
2 0.9138020833333333 0.3527777777777778 0.1046875 0.07592592592592592
1 0.39348958333333334 0.32037037037037036 0.10364583333333334 0.053703703703703705
0 0.84921875 0.3337962962962963 0.050520833333333334 0.041666666666666664
0 0.2546875 0.3189814814814815 0.05520833333333333 0.03425925925925926
1 0.26979166666666665 0.17453703703703705 0.034375 0.021296296296296296
