2 0.63359375 0.31527777777777777 0.009895833333333333 0.002777777777777778
0 0.6643229166666667 0.31157407407407406 0.013020833333333334 0.008333333333333333
6 0.5184895833333333 0.3638888888888889 0.19010416666666666 0.2740740740740741
5 0.0015625 0.3819444444444444 0.003125 0.026851851851851852
4 0.24036458333333333 0.31666666666666665 0.0296875 0.08703703703703704
3 0.7932291666666667 0.2657407407407407 0.005208333333333333 0.014814814814814815
0 0.4153645833333333 0.35509259259259257 0.07239583333333334 0.08796296296296297
4 0.9963541666666667 0.3337962962962963 0.007291666666666667 0.01574074074074074
3 0.35260416666666666 0.27314814814814814 0.003125 0.014814814814814815
0 0.6518229166666667 0.31527777777777777 0.0078125 0.000925925925925926
