1 0.35520833333333335 0.4041666666666667 0.026041666666666668 0.075
4 0.17239583333333333 0.15046296296296297 0.0125 0.03611111111111111
5 0.049479166666666664 0.21666666666666667 0.015625 0.022222222222222223
6 0.07604166666666666 0.4847222222222222 0.040625 0.04537037037037037
0 0.19036458333333334 0.1287037037037037 0.028645833333333332 0.016666666666666666
2 0.00390625 0.39351851851851855 0.0078125 0.014814814814814815
2 0.0359375 0.6888888888888889 0.05 0.05185185185185185
2 0.07994791666666666 0.35 0.0203125 0.03888888888888889
6 0.04921875 0.42083333333333334 0.025520833333333333 0.021296296296296296
1 0.30416666666666664 0.2564814814814815 0.017708333333333333 0.016666666666666666
0 0.14192708333333334 0.3425925925925926 0.034895833333333334 0.025925925925925925
2 0.15911458333333334 0.2490740740740741 0.0026041666666666665 0.003703703703703704
6 0.1328125 0.3449074074074074 0.013541666666666667 0.019444444444444445
0 0.32578125 0.3597222222222222 0.0546875 0.04537037037037037
2 0.0026041666666666665 0.3314814814814815 0.005208333333333333 0.003703703703703704
6 0.43776041666666665 0.38287037037037036 0.013020833333333334 0.019444444444444445
0 0.40260416666666665 0.6995370370370371 0.228125 0.24351851851851852
6 0.19348958333333333 0.12361111111111112 0.019270833333333334 0.019444444444444445
