2 0.27890625 0.43472222222222223 0.043229166666666666 0.06018518518518518
2 0.2513020833333333 0.4263888888888889 0.025520833333333333 0.021296296296296296
1 0.15807291666666667 0.41574074074074074 0.0609375 0.025925925925925925
6 0.4432291666666667 0.35138888888888886 0.021875 0.002777777777777778
5 0.17890625 0.37777777777777777 0.0046875 0.005555555555555556
4 0.1078125 0.2722222222222222 0.017708333333333333 0.044444444444444446
4 0.17395833333333333 0.3337962962962963 0.016666666666666666 0.04351851851851852
1 0.6015625 0.3125 0.16979166666666667 0.625
0 0.061197916666666664 0.39675925925925926 0.12239583333333333 0.7935185185185185
4 0.7434895833333334 0.30277777777777776 0.0328125 0.11666666666666667
1 0.36953125 0.274537037037037 0.1234375 0.549074074074074
1 0.48932291666666666 0.2564814814814815 0.059895833333333336 0.512962962962963
1 0.6877604166666667 0.25833333333333336 0.027604166666666666 0.5166666666666667
