2 0.08177083333333333 0.6310185185185185 0.13854166666666667 0.13240740740740742
1 0.15833333333333333 0.4837962962962963 0.05625 0.006481481481481481
4 0.28567708333333336 0.5171296296296296 0.0036458333333333334 0.000925925925925926
5 0.03046875 0.3888888888888889 0.0171875 0.03518518518518519
6 0.3346354166666667 0.5930555555555556 0.059895833333333336 0.04722222222222222
0 0.09479166666666666 0.5916666666666667 0.06041666666666667 0.011111111111111112
2 0.15677083333333333 0.6050925925925926 0.06354166666666666 0.09166666666666666
4 0.7125 0.18796296296296297 0.04583333333333333 0.10555555555555556
6 0.5802083333333333 0.7509259259259259 0.36770833333333336 0.337037037037037
1 0.09192708333333334 0.5842592592592593 0.0109375 0.014814814814814815
0 0.21510416666666668 0.7384259259259259 0.24791666666666667 0.24166666666666667
