2 0.83984375 0.14305555555555555 0.0421875 0.041666666666666664
6 0.9963541666666667 0.3351851851851852 0.007291666666666667 0.024074074074074074
1 0.9270833333333334 0.06712962962962964 0.041666666666666664 0.11018518518518519
0 0.9638020833333333 0.09027777777777778 0.0328125 0.09351851851851851
6 0.9856770833333334 0.12731481481481483 0.028645833333333332 0.030555555555555555
1 0.9177083333333333 0.0587962962962963 0.034375 0.10648148148148148
0 0.8958333333333334 0.09074074074074075 0.028125 0.09444444444444444
1 0.9403645833333333 0.015277777777777777 0.0171875 0.025
0 0.9638020833333333 0.09722222222222222 0.033854166666666664 0.09814814814814815
1 0.96171875 0.06759259259259259 0.044270833333333336 0.1111111111111111
