2 0.6057291666666667 0.6592592592592592 0.08854166666666667 0.08703703703703704
2 0.5494791666666666 0.6518518518518519 0.06145833333333333 0.06481481481481481
6 0.21432291666666667 0.674537037037037 0.043229166666666666 0.03425925925925926
5 0.28359375 0.5032407407407408 0.008854166666666666 0.021296296296296296
4 0.18463541666666666 0.4930555555555556 0.019270833333333334 0.012037037037037037
3 0.29244791666666664 0.5217592592592593 0.0067708333333333336 0.01574074074074074
1 0.1125 0.5861111111111111 0.027083333333333334 0.13703703703703704
0 0.2453125 0.5967592592592592 0.017708333333333333 0.10277777777777777
2 0.64921875 0.6337962962962963 0.034895833333333334 0.032407407407407406
0 0.38567708333333334 0.562962962962963 0.005729166666666666 0.03888888888888889
1 0.8635416666666667 0.6375 0.042708333333333334 0.04351851851851852
6 0.22265625 0.6708333333333333 0.0005208333333333333 0.000925925925925926
6 0.6255208333333333 0.7722222222222223 0.20729166666666668 0.25
4 0.8815104166666666 0.5347222222222222 0.0359375 0.0824074074074074
3 0.5684895833333333 0.5324074074074074 0.005729166666666666 0.016666666666666666
0 0.4635416666666667 0.7342592592592593 0.06979166666666667 0.12962962962962962
1 0.5875 0.6310185185185185 0.04375 0.012037037037037037
6 0.45859375 0.6513888888888889 0.033854166666666664 0.021296296296296296
1 0.15911458333333334 0.5842592592592593 0.028645833333333332 0.13703703703703704
0 0.19036458333333334 0.5995370370370371 0.0171875 0.10092592592592593
1 0.08697916666666666 0.5810185185185185 0.035416666666666666 0.1527777777777778
0 0.17395833333333333 0.5990740740740741 0.011458333333333333 0.1037037037037037
1 0.13046875 0.5810185185185185 0.03177083333333333 0.14722222222222223
