0 0.6872395833333333 0.3685185185185185 0.32760416666666664 0.20185185185185187
2 0.24661458333333333 0.16342592592592592 0.021354166666666667 0.03425925925925926
1 0.10286458333333333 0.16712962962962963 0.0703125 0.03611111111111111
5 0.10442708333333334 0.004166666666666667 0.0109375 0.008333333333333333
4 0.5411458333333333 0.052314814814814814 0.027083333333333334 0.10462962962962963
3 0.11770833333333333 0.01574074074074074 0.009375 0.012962962962962963
2 0.16041666666666668 0.09166666666666666 0.0125 0.005555555555555556
1 0.046875 0.15787037037037038 0.057291666666666664 0.025
6 0.20208333333333334 0.1865740740740741 0.036458333333333336 0.06018518518518518
3 0.37473958333333335 0.03935185185185185 0.0046875 0.021296296296296296
1 0.0013020833333333333 0.19490740740740742 0.0026041666666666665 0.026851851851851852
3 0.9908854166666666 0.012037037037037037 0.018229166666666668 0.024074074074074074
