2 0.65 0.39490740740740743 0.028125 0.04537037037037037
4 0.5783854166666667 0.20925925925925926 0.0203125 0.06481481481481481
5 0.1078125 0.30416666666666664 0.011458333333333333 0.03425925925925926
6 0.2640625 0.6935185185185185 0.4979166666666667 0.45
1 0.8203125 0.39166666666666666 0.053125 0.02962962962962963
0 0.2674479166666667 0.2898148148148148 0.0390625 0.23333333333333334
6 0.23776041666666667 0.7388888888888889 0.0296875 0.03333333333333333
0 0.2421875 0.29814814814814816 0.027083333333333334 0.21481481481481482
0 0.11875 0.38101851851851853 0.21666666666666667 0.09537037037037037
0 0.56015625 0.41388888888888886 0.024479166666666666 0.03888888888888889
