2 0.17005208333333333 0.2337962962962963 0.0296875 0.04722222222222222
0 0.22942708333333334 0.1925925925925926 0.0296875 0.024074074074074074
5 0.07604166666666666 0.016666666666666666 0.017708333333333333 0.03148148148148148
4 0.5356770833333333 0.04814814814814815 0.027604166666666666 0.0962962962962963
3 0.065625 0.023148148148148147 0.013541666666666667 0.020370370370370372
1 0.7541666666666667 0.16203703703703703 0.06770833333333333 0.32407407407407407
1 0.09505208333333333 0.21712962962962962 0.0453125 0.028703703703703703
5 0.40390625 0.08333333333333333 0.0036458333333333334 0.03148148148148148
0 0.884375 0.34074074074074073 0.19166666666666668 0.6814814814814815
1 0.69296875 0.20833333333333334 0.09322916666666667 0.4166666666666667
0 0.4359375 0.29074074074074074 0.10416666666666667 0.5814814814814815
1 0.6481770833333333 0.1736111111111111 0.016145833333333335 0.3472222222222222
0 0.9109375 0.05416666666666667 0.09583333333333334 0.07314814814814814
1 0.8544270833333333 0.19768518518518519 0.10885416666666667 0.39537037037037037
