0 0.00703125 0.2712962962962963 0.0140625 0.012962962962962963
2 0.34791666666666665 0.30787037037037035 0.03958333333333333 0.06018518518518518
1 0.4388020833333333 0.8069444444444445 0.1859375 0.3861111111111111
5 0.5880208333333333 0.10555555555555556 0.015625 0.05
4 0.9346354166666667 0.024537037037037038 0.07552083333333333 0.049074074074074076
3 0.16588541666666667 0.10648148148148148 0.0140625 0.024074074074074074
0 0.20625 0.2074074074074074 0.01875 0.018518518518518517
1 0.1453125 0.3527777777777778 0.08020833333333334 0.06296296296296296
6 0.321875 0.2902777777777778 0.034375 0.025
5 0.1765625 0.09768518518518518 0.01875 0.03611111111111111
4 0.023697916666666666 0.15648148148148147 0.04739583333333333 0.08333333333333333
