2 0.3065104166666667 0.31157407407407406 0.0067708333333333336 0.026851851851851852
1 0.2872395833333333 0.30416666666666664 0.044270833333333336 0.023148148148148147
5 0.3578125 0.13657407407407407 0.007291666666666667 0.021296296296296296
6 0.17630208333333333 0.47175925925925927 0.0005208333333333333 0.000925925925925926
4 0.6552083333333333 0.1037037037037037 0.011458333333333333 0.003703703703703704
3 0.28411458333333334 0.1300925925925926 0.005729166666666666 0.013888888888888888
6 0.23880208333333333 0.2037037037037037 0.008854166666666666 0.011111111111111112
0 0.1421875 0.47314814814814815 0.04895833333333333 0.06851851851851852
2 0.07083333333333333 0.0023148148148148147 0.027083333333333334 0.004629629629629629
6 0.34817708333333336 0.31574074074074077 0.0171875 0.011111111111111112
1 0.36302083333333335 0.29814814814814816 0.008333333333333333 0.020370370370370372
0 0.20026041666666666 0.2652777777777778 0.011979166666666667 0.013888888888888888
2 0.17916666666666667 0.5296296296296297 0.06041666666666667 0.1
6 0.18489583333333334 0.45231481481481484 0.036458333333333336 0.05648148148148148
1 0.23802083333333332 0.26481481481481484 0.030208333333333334 0.018518518518518517
0 0.3416666666666667 0.3300925925925926 0.034375 0.023148148148148147
1 0.5625 0.7518518518518519 0.21145833333333333 0.4962962962962963
