2 0.3421875 0.42268518518518516 0.04583333333333333 0.049074074074074076
0 0.32890625 0.32314814814814813 0.009895833333333333 0.007407407407407408
1 0.005989583333333334 0.26296296296296295 0.011979166666666667 0.007407407407407408
6 0.7278645833333334 0.425462962962963 0.0578125 0.026851851851851852
5 0.17265625 0.2064814814814815 0.013020833333333334 0.037037037037037035
5 0.57421875 0.3476851851851852 0.0026041666666666665 0.002777777777777778
4 0.77890625 0.3296296296296296 0.027604166666666666 0.07592592592592592
3 0.16067708333333333 0.20925925925925926 0.0109375 0.024074074074074074
0 0.2596354166666667 0.42962962962962964 0.0359375 0.04259259259259259
1 0.35546875 0.3175925925925926 0.021354166666666667 0.016666666666666666
6 0.52421875 0.43657407407407406 0.0546875 0.03796296296296296
5 0.17526041666666667 0.2050925925925926 0.0036458333333333334 0.004629629629629629
5 0.5721354166666667 0.34953703703703703 0.0109375 0.028703703703703703
0 0.66796875 0.7615740740740741 0.39114583333333336 0.47685185185185186
1 0.41328125 0.40694444444444444 0.03177083333333333 0.021296296296296296
