2 0.41484375 0.26944444444444443 0.0265625 0.020370370370370372
2 0.49192708333333335 0.20277777777777778 0.016145833333333335 0.005555555555555556
0 0.29192708333333334 0.26435185185185184 0.04739583333333333 0.019444444444444445
1 0.31588541666666664 0.19768518518518519 0.0328125 0.0824074074074074
6 0.17630208333333333 0.2689814814814815 0.044270833333333336 0.030555555555555555
5 0.3880208333333333 0.125 0.008333333333333333 0.025925925925925925
4 0.06536458333333334 0.15601851851851853 0.0296875 0.06574074074074074
3 0.3802083333333333 0.1287037037037037 0.00625 0.016666666666666666
2 0.5934895833333333 0.30277777777777776 0.2296875 0.29074074074074074
6 0.17005208333333333 0.2657407407407407 0.0015625 0.001851851851851852
6 0.7981770833333334 0.33101851851851855 0.19427083333333334 0.1175925925925926
5 0.075 0.20555555555555555 0.004166666666666667 0.003703703703703704
5 0.690625 0.21342592592592594 0.010416666666666666 0.025
4 0.8989583333333333 0.17731481481481481 0.04583333333333333 0.09907407407407408
5 0.07239583333333334 0.20787037037037037 0.015625 0.030555555555555555
5 0.6924479166666667 0.21388888888888888 0.0026041666666666665 0.003703703703703704
4 0.2916666666666667 0.12962962962962962 0.01875 0.05740740740740741
