0 0.715625 0.3592592592592593 0.08854166666666667 0.11666666666666667
2 0.41302083333333334 0.07685185185185185 0.007291666666666667 0.003703703703703704
1 0.9005208333333333 0.2773148148148148 0.1625 0.07685185185185185
6 0.014583333333333334 0.27685185185185185 0.029166666666666667 0.040740740740740744
3 0.45651041666666664 0.001388888888888889 0.0015625 0.002777777777777778
1 0.23932291666666666 0.2638888888888889 0.15677083333333333 0.05
0 0.22526041666666666 0.17407407407407408 0.10677083333333333 0.34814814814814815
0 0.9223958333333333 0.37777777777777777 0.15520833333333334 0.0962962962962963
0 0.09921875 0.1865740740740741 0.14739583333333334 0.3731481481481482
0 0.565625 0.22361111111111112 0.12083333333333333 0.44722222222222224
