1 0.36744791666666665 0.19583333333333333 0.033854166666666664 0.030555555555555555
0 0.48333333333333334 0.3226851851851852 0.036458333333333336 0.05277777777777778
5 0.3880208333333333 0.023148148148148147 0.007291666666666667 0.020370370370370372
6 0.08151041666666667 0.4027777777777778 0.0015625 0.001851851851851852
4 0.18932291666666667 0.09027777777777778 0.0171875 0.04722222222222222
2 0.4078125 0.08842592592592592 0.007291666666666667 0.010185185185185186
2 0.28984375 0.22824074074074074 0.022395833333333334 0.03611111111111111
1 0.2755208333333333 0.5513888888888889 0.4125 0.2064814814814815
4 0.4934895833333333 0.015277777777777777 0.0026041666666666665 0.01574074074074074
5 0.2515625 0.08842592592592592 0.009375 0.019444444444444445
6 0.371875 0.1726851851851852 0.021875 0.017592592592592594
0 0.9278645833333333 0.3736111111111111 0.04114583333333333 0.11203703703703703
2 0.18854166666666666 0.20833333333333334 0.015625 0.024074074074074074
6 0.37734375 0.18425925925925926 0.016145833333333335 0.012962962962962963
1 0.4109375 0.1675925925925926 0.011458333333333333 0.018518518518518517
0 0.27734375 0.1375 0.0067708333333333336 0.05277777777777778
0 0.28177083333333336 0.13935185185185187 0.011458333333333333 0.05277777777777778
1 0.5489583333333333 0.2652777777777778 0.040625 0.010185185185185186
0 0.43828125 0.3333333333333333 0.059895833333333336 0.04259259259259259
1 0.38177083333333334 0.2675925925925926 0.05 0.053703703703703705
