0 0.3807291666666667 0.5407407407407407 0.26458333333333334 0.17407407407407408
2 0.7684895833333333 0.29444444444444445 0.03177083333333333 0.05
2 0.734375 0.1648148148148148 0.01875 0.024074074074074074
1 0.6614583333333334 0.1527777777777778 0.013541666666666667 0.020370370370370372
6 0.43255208333333334 0.3537037037037037 0.025520833333333333 0.014814814814814815
5 0.40729166666666666 0.046296296296296294 0.007291666666666667 0.020370370370370372
4 0.5140625 0.01898148148148148 0.011458333333333333 0.03796296296296296
3 0.8190104166666666 0.03611111111111111 0.0078125 0.018518518518518517
2 0.6888020833333334 0.15138888888888888 0.021354166666666667 0.021296296296296296
0 0.5721354166666667 0.14722222222222223 0.0046875 0.011111111111111112
1 0.6424479166666667 0.09166666666666666 0.005729166666666666 0.003703703703703704
5 0.5815104166666667 0.002777777777777778 0.005729166666666666 0.005555555555555556
5 0.4088541666666667 0.04490740740740741 0.0020833333333333333 0.002777777777777778
4 0.17135416666666667 0.12731481481481483 0.042708333333333334 0.11018518518518519
3 0.5880208333333333 0.0125 0.005208333333333333 0.013888888888888888
0 0.8799479166666667 0.42083333333333334 0.0734375 0.05092592592592592
3 0.315625 0.03518518518518519 0.005208333333333333 0.018518518518518517
3 0.40859375 0.06574074074074074 0.0046875 0.007407407407407408
