2 0.5919270833333333 0.7324074074074074 0.19427083333333334 0.2759259259259259
2 0.01328125 0.36712962962962964 0.0203125 0.026851851851851852
6 0.17317708333333334 0.4310185185185185 0.022395833333333334 0.019444444444444445
5 0.19947916666666668 0.2518518518518518 0.008333333333333333 0.020370370370370372
4 0.10677083333333333 0.23981481481481481 0.016666666666666666 0.046296296296296294
3 0.76484375 0.399537037037037 0.0203125 0.03981481481481482
1 0.37057291666666664 0.5097222222222222 0.0203125 0.008333333333333333
0 0.3489583333333333 0.5078703703703704 0.017708333333333333 0.010185185185185186
2 0.11510416666666666 0.4162037037037037 0.020833333333333332 0.030555555555555555
0 0.16640625 0.42083333333333334 0.0109375 0.021296296296296296
1 0.2643229166666667 0.5009259259259259 0.0328125 0.046296296296296294
6 0.17291666666666666 0.4115740740740741 0.034375 0.017592592592592594
3 0.1921875 0.25324074074074077 0.00625 0.013888888888888888
1 0.34479166666666666 0.7907407407407407 0.24270833333333333 0.4185185185185185
6 0.19869791666666667 0.524537037037037 0.0265625 0.049074074074074076
0 0.28932291666666665 0.46805555555555556 0.019270833333333334 0.0824074074074074
1 0.4119791666666667 0.5092592592592593 0.020833333333333332 0.014814814814814815
0 0.3692708333333333 0.5092592592592593 0.016666666666666666 0.009259259259259259
1 0.42291666666666666 0.5106481481481482 0.003125 0.013888888888888888
1 0.3880208333333333 0.5097222222222222 0.015625 0.012037037037037037
