2 0.68203125 0.012037037037037037 0.028645833333333332 0.024074074074074074
2 0.6973958333333333 0.031018518518518518 0.022916666666666665 0.062037037037037036
0 0.99140625 0.011111111111111112 0.0171875 0.022222222222222223
1 0.7802083333333333 0.3907407407407407 0.3697916666666667 0.7814814814814814
0 0.9854166666666667 0.13842592592592592 0.029166666666666667 0.041666666666666664
1 0.96953125 0.1962962962962963 0.0609375 0.12037037037037036
1 0.8716145833333333 0.31296296296296294 0.25677083333333334 0.6259259259259259
0 0.8192708333333333 0.029166666666666667 0.029166666666666667 0.058333333333333334
1 0.71953125 0.21574074074074073 0.17760416666666667 0.43148148148148147
1 0.5421875 0.2337962962962963 0.13125 0.4675925925925926
