0 0.5354166666666667 0.9773148148148149 0.017708333333333333 0.04537037037037037
5 0.23880208333333333 0.31296296296296294 0.0140625 0.03333333333333333
4 0.37421875 0.2574074074074074 0.034895833333333334 0.09814814814814815
1 0.5395833333333333 0.33611111111111114 0.040625 0.3351851851851852
1 0.5966145833333333 0.31203703703703706 0.0546875 0.3055555555555556
0 0.7416666666666667 0.43703703703703706 0.07395833333333333 0.5055555555555555
1 0.6848958333333334 0.31296296296296294 0.06041666666666667 0.38333333333333336
0 0.42630208333333336 0.5162037037037037 0.09739583333333333 0.47129629629629627
1 0.5747395833333333 0.35138888888888886 0.07447916666666667 0.3972222222222222
0 0.7153645833333333 0.39675925925925926 0.03697916666666667 0.425
