0 0.6296875 0.45694444444444443 0.11145833333333334 0.2638888888888889
2 0.3684895833333333 0.13472222222222222 0.011979166666666667 0.004629629629629629
2 0.42109375 0.19074074074074074 0.011979166666666667 0.018518518518518517
1 0.21328125 0.19398148148148148 0.03177083333333333 0.012037037037037037
6 0.5135416666666667 0.262037037037037 0.017708333333333333 0.020370370370370372
5 0.3015625 0.03657407407407407 0.007291666666666667 0.021296296296296296
4 0.64765625 0.18888888888888888 0.0234375 0.06296296296296296
3 0.309375 0.055092592592592596 0.005208333333333333 0.013888888888888888
2 0.6864583333333333 0.25972222222222224 0.10729166666666666 0.11944444444444445
0 0.26953125 0.11064814814814815 0.0067708333333333336 0.010185185185185186
1 0.06302083333333333 0.1814814814814815 0.08020833333333334 0.012962962962962963
3 0.5075520833333333 0.1175925925925926 0.0046875 0.014814814814814815
0 0.29713541666666665 0.18287037037037038 0.0005208333333333333 0.004629629629629629
1 0.5221354166666666 0.2523148148148148 0.013020833333333334 0.028703703703703703
3 0.85546875 0.25833333333333336 0.018229166666666668 0.03148148148148148
1 0.4427083333333333 0.22361111111111112 0.03958333333333333 0.023148148148148147
