2 0.6513020833333333 0.425 0.1390625 0.19444444444444445
6 0.17265625 0.16898148148148148 0.016145833333333335 0.006481481481481481
5 0.27005208333333336 0.09212962962962963 0.0026041666666666665 0.002777777777777778
5 0.4375 0.19166666666666668 0.007291666666666667 0.020370370370370372
4 0.5963541666666666 0.03564814814814815 0.026041666666666668 0.0712962962962963
3 0.17786458333333333 0.08888888888888889 0.0078125 0.016666666666666666
1 0.0734375 0.22824074074074074 0.040625 0.023148148148148147
0 0.5583333333333333 0.2490740740740741 0.07604166666666666 0.4981481481481482
0 0.04114583333333333 0.29259259259259257 0.08229166666666667 0.04259259259259259
4 0.42682291666666666 0.1935185185185185 0.013020833333333334 0.04259259259259259
5 0.26875 0.09351851851851851 0.009375 0.024074074074074074
5 0.4390625 0.19074074074074074 0.0020833333333333333 0.001851851851851852
6 0.10807291666666667 0.15925925925925927 0.030729166666666665 0.012962962962962963
1 0.25286458333333334 0.3347222222222222 0.14947916666666666 0.13240740740740742
1 0.22265625 0.23657407407407408 0.015104166666666667 0.023148148148148147
6 0.28151041666666665 0.2518518518518518 0.018229166666666668 0.025925925925925925
0 0.3111979166666667 0.17824074074074073 0.005729166666666666 0.002777777777777778
0 0.50078125 0.3175925925925926 0.0015625 0.018518518518518517
0 0.07109375 0.1597222222222222 0.0265625 0.006481481481481481
0 0.475 0.2263888888888889 0.05625 0.45092592592592595
