2 0.53359375 0.3768518518518518 0.3098958333333333 0.3574074074074074
2 0.1984375 0.22037037037037038 0.014583333333333334 0.018518518518518517
5 0.32369791666666664 0.1763888888888889 0.0067708333333333336 0.023148148148148147
4 0.4046875 0.17037037037037037 0.015625 0.05740740740740741
3 0.046875 0.08425925925925926 0.009375 0.014814814814814815
1 0.4546875 0.2074074074074074 0.015625 0.07407407407407407
0 0.42890625 0.21851851851851853 0.013020833333333334 0.05555555555555555
6 0.15052083333333333 0.17222222222222222 0.005208333333333333 0.003703703703703704
5 0.05520833333333333 0.08611111111111111 0.010416666666666666 0.012962962962962963
5 0.32395833333333335 0.175 0.0010416666666666667 0.001851851851851852
3 0.6791666666666667 0.10416666666666667 0.0125 0.028703703703703703
1 0.4434895833333333 0.2074074074074074 0.011979166666666667 0.07592592592592592
0 0.37161458333333336 0.2222222222222222 0.0140625 0.06666666666666667
1 0.42109375 0.20787037037037037 0.015104166666666667 0.07685185185185185
0 0.43828125 0.2175925925925926 0.0109375 0.05555555555555555
0 0.171875 0.23842592592592593 0.020833333333333332 0.01574074074074074
1 0.10729166666666666 0.23472222222222222 0.015625 0.021296296296296296
1 0.24453125 0.25787037037037036 0.016145833333333335 0.028703703703703703
1 0.42578125 0.19027777777777777 0.013020833333333334 0.041666666666666664
1 0.0546875 0.16712962962962963 0.019791666666666666 0.012037037037037037
1 0.14375 0.22824074074074074 0.017708333333333333 0.019444444444444445
