2 0.4200520833333333 0.2652777777777778 0.027604166666666666 0.05462962962962963
1 0.4549479166666667 0.1587962962962963 0.050520833333333334 0.017592592592592594
6 0.21770833333333334 0.29768518518518516 0.06666666666666667 0.04722222222222222
5 0.39505208333333336 0.06759259259259259 0.0109375 0.03148148148148148
4 0.2872395833333333 0.09351851851851851 0.0234375 0.06666666666666667
3 0.40703125 0.09398148148148149 0.0078125 0.019444444444444445
0 0.07734375 0.25 0.013020833333333334 0.011111111111111112
2 0.5942708333333333 0.2587962962962963 0.035416666666666666 0.04722222222222222
1 0.5158854166666667 0.4685185185185185 0.17864583333333334 0.3351851851851852
6 0.559375 0.2949074074074074 0.034375 0.032407407407407406
5 0.3971354166666667 0.06574074074074074 0.0026041666666666665 0.003703703703703704
5 0.09322916666666667 0.13194444444444445 0.003125 0.021296296296296296
3 0.7653645833333333 0.06944444444444445 0.011979166666666667 0.03333333333333333
0 0.013541666666666667 0.20046296296296295 0.027083333333333334 0.11944444444444445
0 0.3614583333333333 0.27175925925925926 0.05625 0.032407407407407406
0 0.415625 0.225 0.01875 0.05185185185185185
0 0.0328125 0.19074074074074074 0.021875 0.13703703703703704
0 0.0484375 0.18564814814814815 0.03958333333333333 0.15462962962962962
