0 0.00234375 0.38842592592592595 0.0046875 0.002777777777777778
1 0.6278645833333333 0.2916666666666667 0.0921875 0.05555555555555555
6 0.2765625 0.34444444444444444 0.029166666666666667 0.022222222222222223
5 0.85703125 0.25416666666666665 0.0036458333333333334 0.025
4 0.3065104166666667 0.21574074074074073 0.016145833333333335 0.06111111111111111
3 0.4765625 0.23194444444444445 0.008333333333333333 0.021296296296296296
0 0.4708333333333333 0.4675925925925926 0.10104166666666667 0.1537037037037037
4 0.8598958333333333 0.18564814814814815 0.029166666666666667 0.09351851851851851
3 0.11015625 0.16574074074074074 0.0036458333333333334 0.001851851851851852
0 0.15286458333333333 0.34814814814814815 0.04635416666666667 0.027777777777777776
